SVM Results for BlockSize=16, Clusters=10

Accuracy score of the SVM: 0.690476
Confusion matrix (text-form):
[[ 2  0  0  0  0  0  0  0  0  0  0  0  0  0]
 [ 0 12  0  0  2  0  0  0  0  0  1  2  0  1]
 [ 0  0  7  0  3  0  0  0  0  1  0  0  0  0]
 [ 0  2  0  5  0  0  0  0  0  0  0  0  0  0]
 [ 0  0  0  0 23  0  0  0  0  0  0  0  0  0]
 [ 0  0  0  0  0  3  0  0  0  0  0  0  0  0]
 [ 0  0  0  0  0  0  1  0  0  0  0  0  0  0]
 [ 0  0  0  0  0  0  0 19  0  0  1  1  0  0]
 [ 1  0  0  0  0  0  0  4  2  0  1  0  0  0]
 [ 0  0  0  0  1  0  0  0  0 27  2  0  0  0]
 [ 0  0  0  0  0  0  0  5  2  1 20  0  0  0]
 [ 0  1  0  0  0  0  0  6  0  0  4 15  0  0]
 [ 0  0  0  0  3  0  0  0  0  0  0  0  0  0]
 [ 0 16  0  0  0  0  0  1  0  0  2  1  0  9]]
