SVM Results for BlockSize=32, Clusters=50

Accuracy score of the SVM: 0.780952
Confusion matrix (text-form):
[[ 3  0  0  0  0  0  0  0  0  0  0  0]
 [ 0 25  0  0  1  0  0  0  0  0  0  2]
 [ 0  0  6  0  1  0  0  0  0  0  0  0]
 [ 0  6  0  5  0  0  0  0  0  0  0  0]
 [ 0  0  1  0 30  0  0  1  0  0  0  0]
 [ 0  0  0  0  0 17  2  0  2  0  0  0]
 [ 0  0  0  0  0  4  0  0  0  1  0  0]
 [ 0  0  0  0  1  0  0 32  1  0  1  0]
 [ 0  0  0  0  1  1  0  1 17  3  0  0]
 [ 0  0  0  0  0  3  0  0  5 12  0  0]
 [ 0  0  0  0  0  0  0  0  0  0  1  0]
 [ 0  5  0  1  0  0  0  0  1  1  0 16]]
