SVM Results for BlockSize=16, Clusters=20

Accuracy score of the SVM: 0.671429
Confusion matrix (text-form):
[[ 2  0  0  0  0  0  0  0  0  0  0  0  0]
 [ 0 17  1  2  0  0  1  0  1  1  0  0  4]
 [ 0  0  5  0  3  0  0  0  0  0  0  0  0]
 [ 0  6  0  4  0  0  1  0  0  1  1  0  1]
 [ 0  0  2  0 26  0  0  0  1  0  0  2  0]
 [ 0  0  0  0  0  0  0  0  1  0  0  0  0]
 [ 0  1  1  0  0  0 17  3  0  2  2  0  0]
 [ 0  0  0  0  0  0  1  2  1  2  0  0  0]
 [ 0  0  0  0  1  0  0  0 21  0  0  0  0]
 [ 0  0  0  0  0  0  1  0  0 10  3  0  0]
 [ 0  0  0  0  0  0  4  0  2  7 18  0  0]
 [ 0  0  0  0  1  0  0  0  0  0  0  3  0]
 [ 0  7  0  0  0  0  0  0  0  0  1  0 16]]
