SVM Results for BlockSize=64, Clusters=10

Accuracy score of the SVM: 0.690476
Confusion matrix (text-form):
[[ 1  0  0  0  0  0  0  0  0  0  0  0  0  0]
 [ 0 27  0  8  0  0  0  0  0  0  0  0  0  0]
 [ 0  0  7  0  0  0  0  0  0  0  0  0  0  0]
 [ 0  2  0  6  0  0  0  0  0  0  0  0  0  1]
 [ 0  0  0  0 24  0  0  0  0  0  0  0  1  0]
 [ 0  0  0  0  0  0  0  0  0  1  0  0  0  0]
 [ 0  0  0  0  1  0  0  0  0  0  0  0  0  0]
 [ 0  1  0  0  0  0  0 21  0  0  3  1  0  0]
 [ 0  0  0  1  0  0  0  3  2  2  3  0  0  0]
 [ 0  0  0  0  3  0  0  0  0 20  0  0  0  0]
 [ 0  1  0  1  0  0  0  3  1  0 13  2  0  0]
 [ 0  0  0  1  0  0  0  4  0  1  3 15  0  0]
 [ 0  0  0  0  0  0  0  0  0  0  0  0  0  0]
 [ 0 15  0  1  0  0  0  1  0  0  0  0  0  9]]
