SVM Results for BlockSize=32, Clusters=10

Accuracy score of the SVM: 0.595238
Confusion matrix (text-form):
[[ 5  0  0  0  0  0  0  0  0  0  0  0  0  0]
 [ 0  6  0  1  0  0  0  0  0  0  0  0  0 14]
 [ 0  1  5  0  5  0  0  0  0  0  0  0  0  0]
 [ 0  5  0  5  0  0  0  0  0  0  0  0  0  1]
 [ 0  0  0  0 24  0  0  0  0  0  0  0  1  0]
 [ 0  0  1  0  1  0  0  0  0  0  0  0  0  0]
 [ 0  0  0  0  0  0  1  0  0  0  0  0  0  0]
 [ 0  0  0  0  0  0  0 14  5  0  2  4  0  0]
 [ 0  0  0  0  0  0  0  1  1  0  3  2  0  0]
 [ 0  0  0  0  0  0  0  0  0 22  0  0  0  0]
 [ 2  0  0  0  0  0  0  6  1  0 13  7  0  0]
 [ 0  0  0  0  0  0  0  4  1  3  3  8  0  0]
 [ 0  0  0  0  0  0  0  0  0  0  0  0  2  0]
 [ 0  2  0  8  0  0  0  0  0  0  1  0  0 19]]
