SVM Results for BlockSize=32, Clusters=20

Accuracy score of the SVM: 0.657143
Confusion matrix (text-form):
[[ 3  0  0  0  0  0  0  0  0  0  0  0  0  0]
 [ 0 18  0  4  0  0  0  0  0  0  0  1  0  4]
 [ 0  0  9  0  0  0  0  0  0  0  0  0  0  0]
 [ 0  4  0  3  0  0  0  0  0  0  0  1  0  1]
 [ 0  0  0  0 19  0  0  0  0  0  0  1  0  0]
 [ 0  0  1  0  0  0  0  0  0  0  0  0  0  0]
 [ 0  0  0  0  0  0  1  0  0  0  0  0  0  0]
 [ 0  0  0  2  0  0  0 15  0  1  4  2  0  0]
 [ 0  0  1  1  0  0  0  4  0  0  2  0  0  1]
 [ 0  0  0  0  1  0  0  0  0 27  0  0  0  0]
 [ 0  0  0  0  0  0  0  1  0  0 14  6  0  0]
 [ 0  2  0  1  0  0  0  3  0  0  7 15  0  0]
 [ 0  0  0  0  1  0  0  0  0  0  0  0  1  0]
 [ 0 11  0  0  0  0  0  0  0  1  1  2  0 13]]
