SVM Results for BlockSize=16, Clusters=30

Accuracy score of the SVM: 0.719048
Confusion matrix (text-form):
[[ 2  0  0  0  0  0  0  0  0  0  0  0  0]
 [ 0 14  0  1  0  0  0  0  0  0  0  0  5]
 [ 0  0  4  0  2  0  0  0  0  0  0  0  0]
 [ 0  2  0  5  0  0  0  0  0  1  0  0  1]
 [ 0  0  2  0 29  0  0  0  0  0  0  0  0]
 [ 0  0  0  0  0  0  0  0  2  0  0  0  0]
 [ 0  0  1  0  0  0 21  1  0  1  2  0  0]
 [ 0  0  0  0  0  0  3  1  0  3  0  0  0]
 [ 0  0  0  0  0  0  0  0 26  0  1  0  0]
 [ 0  0  0  0  1  0  0  0  0 22  6  0  0]
 [ 0  1  0  0  0  0  1  0  0  9 14  0  0]
 [ 0  0  0  0  1  0  0  0  0  0  1  2  0]
 [ 0 10  0  1  0  0  0  0  0  0  0  0 11]]
