SVM Results for BlockSize=64, Clusters=20

Accuracy score of the SVM: 0.719048
Confusion matrix (text-form):
[[ 2  0  0  0  0  0  0  0  0  0  0  0  0  0]
 [ 0 21  0  3  1  0  0  0  0  0  0  0  0  1]
 [ 0  0  5  0  0  0  0  0  0  0  0  0  0  0]
 [ 0  6  0  7  0  0  0  0  0  0  0  0  0  1]
 [ 0  0  0  0 21  0  0  0  0  0  0  0  0  0]
 [ 0  0  0  0  0  2  0  0  0  0  0  0  0  0]
 [ 0  0  0  0  1  0  1  0  0  0  0  0  0  0]
 [ 1  1  0  0  0  0  0 19  4  0  1  2  0  0]
 [ 0  0  0  0  0  0  0  3  1  0  1  1  0  0]
 [ 0  0  0  0  1  0  0  0  0 26  1  0  0  0]
 [ 1  0  0  0  0  0  0  1  0  0 17  5  0  0]
 [ 0  1  0  0  0  0  0  4  0  1  4 15  0  0]
 [ 0  0  1  0  2  0  0  0  0  0  0  0  1  0]
 [ 0  8  0  0  0  0  0  0  0  0  1  1  0 13]]
