SVM Results for BlockSize=32, Clusters=40

Accuracy score of the SVM: 0.661905
Confusion matrix (text-form):
[[ 3  0  0  0  0  0  0  0  0  0  0  0  0  0]
 [ 0 20  0  1  0  0  0  2  0  0  2  0  0  8]
 [ 0  0  5  0  1  0  0  0  0  0  0  0  0  0]
 [ 0  7  0  4  0  0  0  0  0  0  1  0  0  0]
 [ 0  0  0  0 21  0  0  0  0  0  0  0  0  0]
 [ 0  0  0  0  0  1  0  0  0  0  0  0  0  0]
 [ 0  0  0  0  0  0  1  0  0  0  0  0  0  0]
 [ 0  1  0  0  0  0  0 20  2  1  1  0  0  0]
 [ 0  0  1  0  0  0  0  4  1  1  1  0  0  0]
 [ 0  0  0  0  0  0  0  0  0 20  0  0  0  0]
 [ 0  0  0  0  0  0  0  4  0  0 12  9  0  0]
 [ 0  0  0  0  0  0  0  7  0  0 12 10  0  0]
 [ 0  0  2  0  0  0  0  0  0  1  0  0  1  0]
 [ 0  1  0  0  0  0  0  0  0  0  1  0  0 20]]
