SVM Results for BlockSize=16, Clusters=40

Accuracy score of the SVM: 0.661905
Confusion matrix (text-form):
[[ 4  0  0  0  0  0  0  0  0  0  0  0  0  0]
 [ 0 14  0  1  0  0  0  0  0  0  1  0  0  9]
 [ 0  0 10  0  1  0  0  0  0  0  0  0  0  0]
 [ 0  5  0  4  0  0  0  0  0  0  0  0  0  0]
 [ 0  0  0  0 23  0  0  0  0  1  0  0  0  0]
 [ 0  0  0  0  0  1  0  0  0  0  0  0  0  0]
 [ 0  0  0  0  0  0  0  0  0  2  0  0  0  0]
 [ 0  1  0  0  0  0  0 18  2  1  4  2  0  0]
 [ 0  0  0  0  0  0  0  3  0  1  1  0  0  0]
 [ 0  0  0  0  0  0  0  0  0 22  0  0  0  0]
 [ 0  0  0  0  1  0  0  4  1  0 13  4  0  0]
 [ 0  0  0  1  0  0  0  2  0  0  8 11  0  0]
 [ 0  1  1  0  0  0  0  0  0  0  0  0  1  0]
 [ 0 12  0  0  0  0  0  0  0  0  1  0  0 18]]
