SVM Results for BlockSize=64, Clusters=30

Accuracy score of the SVM: 0.690476
Confusion matrix (text-form):
[[ 5  0  0  0  0  0  0  0  0  0  0  0  0  0]
 [ 0 18  0  1  2  0  0  0  0  0  1  0  0  2]
 [ 0  0 10  0  2  0  0  0  0  0  0  0  0  0]
 [ 0  6  0  6  0  0  0  0  0  0  0  2  0  0]
 [ 0  0  0  0 23  0  0  0  0  1  0  0  0  0]
 [ 0  0  0  0  0  1  0  0  0  0  0  0  0  0]
 [ 0  0  0  0  1  0  0  0  0  0  0  0  0  0]
 [ 0  0  0  1  0  0  0 17  1  0  4  2  0  1]
 [ 0  0  0  0  0  0  0  1  0  1  3  1  0  0]
 [ 0  0  0  0  0  0  0  0  0 20  0  0  0  0]
 [ 0  0  0  1  0  0  0  0  3  1 16  2  0  0]
 [ 0  1  0  1  0  0  0  2  0  2  7 10  0  1]
 [ 0  0  0  0  1  0  0  0  0  1  0  0  1  0]
 [ 0  7  0  0  0  0  0  1  0  0  1  0  0 18]]
