SVM Results for BlockSize=16, Clusters=50

Accuracy score of the SVM: 0.742857
Confusion matrix (text-form):
[[ 3  0  0  0  0  0  0  0  0  0  0  0  0]
 [ 0 22  0  0  0  0  0  0  1  0  0  0  7]
 [ 0  0  7  0  0  0  0  0  0  0  0  0  0]
 [ 0  0  0  8  0  0  0  0  0  0  1  0  1]
 [ 0  0  0  0 23  0  0  0  0  0  0  0  0]
 [ 0  0  0  0  0  1  0  0  0  0  0  0  0]
 [ 0  1  0  0  0  0 26  0  0  5  3  0  1]
 [ 0  0  1  0  0  0  3  1  0  1  1  0  0]
 [ 0  0  0  0  1  0  0  0 20  0  2  0  0]
 [ 0  0  0  0  0  0  1  0  1 15  9  0  0]
 [ 0  0  0  0  0  0  2  0  0  5 11  0  0]
 [ 0  0  0  0  0  0  0  1  0  0  0  0  0]
 [ 0  5  0  0  0  0  0  0  0  0  1  0 19]]
