SVM Results for BlockSize=32, Clusters=30

Accuracy score of the SVM: 0.742857
Confusion matrix (text-form):
[[ 2  0  0  0  0  0  0  0  0  0  0  0  0]
 [ 0 16  0  1  1  0  0  0  0  0  0  0  2]
 [ 0  0  4  0  1  0  1  0  0  0  0  0  0]
 [ 0  6  0  2  0  0  0  0  0  0  0  0  1]
 [ 0  0  0  0 31  0  0  0  0  0  0  0  0]
 [ 0  0  0  0  0  0  0  0  2  0  0  0  0]
 [ 0  1  0  0  0  0 19  0  1  2  3  0  0]
 [ 0  1  0  0  0  0  1  1  0  4  0  0  0]
 [ 0  0  0  0  1  0  0  0 25  0  0  0  1]
 [ 0  0  0  0  0  0  2  0  0 24  3  0  0]
 [ 0  0  0  0  1  0  2  1  0  5 16  0  0]
 [ 0  0  0  0  2  0  0  0  0  0  0  2  0]
 [ 0  8  0  0  0  0  0  0  0  0  0  0 14]]
